49 99 120
0|0|51 35 14 2 
1|0|49 30 14 2 
2|0|47 32 13 2 
3|0|46 31 15 2 
4|0|50 36 14 2 
5|0|54 39 17 4 
6|0|46 34 14 3 
7|0|50 34 15 2 
8|0|44 29 14 2 
9|0|49 31 15 1 
10|0|54 37 15 2 
11|0|48 34 16 2 
12|0|48 30 14 1 
13|0|43 30 11 1 
14|0|58 40 12 2 
15|0|57 44 15 4 
16|0|54 39 13 4 
17|0|51 35 14 3 
18|0|57 38 17 3 
19|0|51 38 15 3 
20|0|54 34 17 2 
21|0|51 37 15 4 
22|0|46 36 10 2 
23|0|51 33 17 5 
24|0|48 34 19 2 
25|0|50 30 16 2 
26|0|50 34 16 4 
27|0|52 35 15 2 
28|0|52 34 14 2 
29|0|47 32 16 2 
30|0|48 31 16 2 
31|0|54 34 15 4 
32|0|52 41 15 1 
33|0|55 42 14 2 
34|0|49 31 15 1 
35|0|50 32 12 2 
36|0|55 35 13 2 
37|0|49 31 15 1 
38|0|44 30 13 2 
39|0|51 34 15 2 
40|0|50 35 13 3 
41|0|45 23 13 3 
42|0|44 32 13 2 
43|0|50 35 16 6 
44|0|51 38 19 4 
45|0|48 30 14 3 
46|0|51 38 16 2 
47|0|46 32 14 2 
48|0|53 37 15 2 
49|0|50 33 14 2 
50|0|70 32 47 14 
51|0|64 32 45 15 
52|0|69 31 49 15 
53|1|55 23 40 13 
54|0|65 28 46 15 
55|1|57 28 45 13 
56|0|63 33 47 16 
57|1|49 24 33 10 
58|0|66 29 46 13 
59|1|52 27 39 14 
60|1|50 20 35 10 
61|1|59 30 42 15 
62|1|60 22 40 10 
63|1|61 29 47 14 
64|1|56 29 36 13 
65|0|67 31 44 14 
66|1|56 30 45 15 
67|1|58 27 41 10 
68|0|62 22 45 15 
69|1|56 25 39 11 
70|1|59 32 48 18 
71|0|61 28 40 13 
72|1|63 25 49 15 
73|1|61 28 47 12 
74|0|64 29 43 13 
75|0|66 30 44 14 
76|0|68 28 48 14 
77|0|67 30 50 17 
78|1|60 29 45 15 
79|1|57 26 35 10 
80|1|55 24 38 11 
81|1|55 24 37 10 
82|1|58 27 39 12 
83|1|60 27 51 16 
84|1|54 30 45 15 
85|0|60 34 45 16 
86|0|67 31 47 15 
87|0|63 23 44 13 
88|1|56 30 41 13 
89|1|55 25 40 13 
90|1|55 26 44 12 
91|1|61 30 46 14 
92|1|58 26 40 12 
93|1|50 23 33 10 
94|1|56 27 42 13 
95|1|57 30 42 12 
96|1|57 29 42 13 
97|0|62 29 43 13 
98|1|51 25 30 11 
99|1|57 28 41 13 
100|0|63 33 60 25 
101|1|58 27 51 19 
102|2|71 30 59 21 
103|1|63 29 56 18 
104|1|65 30 58 22 
105|2|76 30 66 21 
106|1|49 25 45 17 
107|2|73 29 63 18 
108|1|67 25 58 18 
109|2|72 36 61 25 
110|1|65 32 51 20 
111|1|64 27 53 19 
112|2|68 30 55 21 
113|1|57 25 50 20 
114|1|58 28 51 24 
115|0|64 32 53 23 
116|1|65 30 55 18 
117|2|77 38 67 22 
118|2|77 26 69 23 
119|1|60 22 50 15 
120|2|69 32 57 23 
121|1|56 28 49 20 
122|2|77 28 67 20 
123|1|63 27 49 18 
124|2|67 33 57 21 
125|2|72 32 60 18 
126|1|62 28 48 18 
127|1|61 30 49 18 
128|1|64 28 56 21 
129|2|72 30 58 16 
130|2|74 28 61 19 
131|2|79 38 64 20 
132|1|64 28 56 22 
133|1|63 28 51 15 
134|1|61 26 56 14 
135|2|77 30 61 23 
136|0|63 34 56 24 
137|1|64 31 55 18 
138|1|60 30 48 18 
139|2|69 31 54 21 
140|2|67 31 56 24 
141|0|69 31 51 23 
142|1|58 27 51 19 
143|2|68 32 59 23 
144|2|67 33 57 25 
145|0|67 30 52 23 
146|1|63 25 50 19 
147|1|65 30 52 20 
148|0|62 34 54 23 
149|1|59 30 51 18 
